plant year n.scram c.time
33   1   0  6990.20
35   1   0  810.60
39   1   0  8784.00
43   1   0  6420.10
44   1   0  7544.20
46   1   0  7844.00
49   1   0  161.10
16   2   0  4733.20
19   2   0  6466.10
46   2   0  7408.60
59   3   0  6196.30
16   4   0  5668.30
19   4   0  6608.30
20   4   0  8014.50
37   4   0  6842.20
38   4   0  6913.90
40   4   0  6142.20
46   4   0  8760.00
66   4   0  5569.70
 9   5   0  2715.50
14   5   0  6974.70
18   5   0  8784.00
19   5   0  6510.00
28   5   0  5931.10
37   5   0  8734.90
41   5   0  5789.00
42   5   0  4990.40
43   5   0  7847.70
45   5   0  7835.60
46   5   0  7812.90
52   5   0  8286.30
55   5   0  8784.00
60   5   0  6156.90
61   5   0  5408.10
 7   6   0  1806.60
22   6   0  5883.30
23   6   0  8760.00
34   6   0  6027.70
37   6   0  6918.90
43   6   0  7728.30
60   6   0  6916.40
63   6   0  7416.20
66   6   0  8333.90
 1   7   0  6500.20
 4   7   0  6759.00
 7   7   0  1924.50
 8   7   0  6944.80
11   7   0  5591.10
25   7   0  5837.00
27   7   0  7700.50
30   7   0  6215.90
39   7   0  7505.70
43   7   0  7423.80
44   7   0  7738.80
56   7   0  7346.30
59   7   0  6769.10
 4   8   0  7460.50
10   8   0  6898.80
12   8   0  7054.60
19   8   0  8030.00
20   8   0  7591.60
22   8   0  6693.20
39   8   0  8760.00
46   8   0  8760.00
55   8   0  8760.00
56   8   0  7265.50
57   8   0  8760.00
62   8   0  1426.30
 1   9   0  7137.80
 2   9   0  6454.20
10   9   0  8466.70
14   9   0  7553.40
34   9   0  3204.00
35   9   0  8566.30
36   9   0  7242.30
44   9   0  7546.10
45   9   0  6850.80
46   9   0  6538.20
48   9   0  5692.60
50   9   0  5581.80
58   9   0  8478.80
61   9   0  6064.20
65   9   0  4605.30
66   9   0  5758.70
 2  10   0  8390.40
 4  10   0  6958.80
 5  10   0  5915.30
 6  10   0  7569.00
 8  10   0  8760.00
14  10   0  4886.70
17  10   0  8542.60
25  10   0  6630.70
26  10   0  1303.50
29  10   0  5912.20
30  10   0  6991.80
36  10   0  6474.90
41  10   0  7690.60
42  10   0  4707.40
43  10   0  7835.60
46  10   0  7381.40
49  10   0  6191.20
52  10   0  7280.20
60  10   0  8275.50
61  10   0  8501.00
63  10   0  7021.00
66  10   0  5427.40
19   1   1  5263.20
20   1   1  6666.70
42   1   1  1562.50
 8   2   1  2564.10
10   2   1  2040.80
29   2   1  3846.20
34   2   1  4545.50
43   2   1  7142.90
44   2   1  7692.30
50   2   1  8333.30
54   2   1  7142.90
58   2   1  5882.40
63   2   1  6250.00
66   2   1  5882.40
 4   3   1  8387.30
11   3   1  3691.10
12   3   1  178.00
28   3   1  2395.70
 4   4   1  6215.50
 6   4   1  6227.70
22   4   1  4728.90
29   4   1  4781.40
44   4   1  7583.10
47   4   1  6251.60
50   4   1  6412.50
58   4   1  6555.20
59   4   1  6464.60
60   4   1  8484.00
62   4   1  4503.20
65   4   1  6877.30
 1   5   1  6156.60
12   5   1  2126.70
15   5   1  6346.30
16   5   1  6609.90
17   5   1  7428.30
33   5   1  8661.60
34   5   1  6953.10
35   5   1  8768.70
38   5   1  8769.00
39   5   1  6989.20
44   5   1  7707.80
47   5   1  8477.90
53   5   1  5930.80
62   5   1  5050.10
 4   6   1  6920.80
 5   6   1  5779.90
 9   6   1  6580.90
11   6   1  4274.40
13   6   1  7189.10
17   6   1  7613.40
19   6   1  7816.50
20   6   1  6648.50
24   6   1  6495.80
26   6   1  5352.00
27   6   1  7436.20
28   6   1  6114.80
29   6   1  6693.00
42   6   1  6050.60
45   6   1  8740.70
52   6   1  5227.00
61   6   1  5806.60
65   6   1  5268.30
 3   7   1  8155.90
10   7   1  6953.30
15   7   1  7453.40
17   7   1  8695.90
18   7   1  6501.10
19   7   1  5622.40
32   7   1  5937.30
35   7   1  8487.30
36   7   1  8748.40
37   7   1  7012.20
38   7   1  7774.70
45   7   1  7840.40
47   7   1  7318.10
52   7   1  7692.80
53   7   1  6297.70
54   7   1  5569.70
55   7   1  6691.40
 2   8   1  7341.10
 6   8   1  8734.10
 7   8   1  6687.00
 8   8   1  7754.30
15   8   1  5356.00
27   8   1  7306.00
28   8   1  6747.10
33   8   1  3099.90
36   8   1  6697.60
37   8   1  8601.60
41   8   1  5297.60
44   8   1  7645.30
45   8   1  7988.30
47   8   1  5032.20
48   8   1  7794.50
49   8   1  7131.00
50   8   1  6636.80
51   8   1  7259.90
53   8   1  8270.30
59   8   1  8622.50
60   8   1  7119.10
61   8   1  2252.10
65   8   1  4652.60
 3   9   1  8226.70
 5   9   1  2378.30
 7   9   1  5050.20
 8   9   1  5752.10
 9   9   1  3169.40
12   9   1  8759.20
17   9   1  7210.40
22   9   1  7039.60
28   9   1  6568.30
30   9   1  6950.90
33   9   1  5983.60
39   9   1  7229.30
43   9   1  7492.80
47   9   1  6249.80
49   9   1  5867.40
53   9   1  6701.50
54   9   1  8561.00
59   9   1  6747.20
60   9   1  7255.80
62   9   1  7226.10
63   9   1  7742.80
 1  10   1  7599.40
 3  10   1  5980.60
10  10   1  5146.80
11  10   1  7445.80
13  10   1  8631.10
16  10   1  6963.40
18  10   1  6931.80
21  10   1  7140.50
24  10   1  7879.90
31  10   1  5164.30
33  10   1  8481.20
40  10   1  8655.40
44  10   1  7424.70
45  10   1  8507.90
47  10   1  7020.40
56  10   1  7357.90
59  10   1  5275.40
65  10   1  6987.60
 4   1   2  6896.60
11   1   2  8333.30
17   1   2  6896.60
41   1   2  1694.90
48   1   2  6896.60
63   1   2  7142.90
36   2   2  6896.60
37   2   2  8695.70
40   2   2  6060.60
42   2   2  7407.40
47   2   2  8333.30
 1   3   2  5536.70
 5   3   2  4232.40
 9   3   2  5560.50
10   3   2  6570.10
16   3   2  7348.20
19   3   2  8485.20
35   3   2  6984.90
38   3   2  5948.70
40   3   2  7835.40
42   3   2  1490.50
43   3   2  7905.40
44   3   2  7262.70
45   3   2  7898.40
48   3   2  5728.00
60   3   2  5946.60
63   3   2  4359.60
65   3   2  5491.00
 1   4   2  7855.70
 2   4   2  7715.40
 5   4   2  8328.50
 8   4   2  6012.20
11   4   2  5333.60
18   4   2  6537.70
21   4   2  7203.30
25   4   2  6347.30
27   4   2  7860.90
30   4   2  5724.40
43   4   2  7389.40
45   4   2  7287.60
53   4   2  7136.20
 2   5   2  6032.00
 5   5   2  5645.80
11   5   2  7457.30
20   5   2  7679.20
29   5   2  6648.20
32   5   2  7313.50
40   5   2  7229.70
57   5   2  3755.20
59   5   2  8289.70
64   5   2  6310.90
66   5   2  7004.60
 2   6   2  6610.10
 6   6   2  7481.60
 8   6   2  6169.80
12   6   2  8547.10
14   6   2  7252.50
25   6   2  5644.20
30   6   2  8210.00
31   6   2  7210.80
35   6   2  6679.10
40   6   2  7682.90
44   6   2  7243.60
48   6   2  8424.70
53   6   2  8251.60
54   6   2  8290.10
55   6   2  6626.90
57   6   2  4272.20
58   6   2  1504.30
62   6   2  4147.10
12   7   2  4966.60
22   7   2  2824.50
24   7   2  8684.70
26   7   2  5611.30
28   7   2  8475.30
29   7   2  6343.10
33   7   2  8021.00
34   7   2  6551.50
42   7   2  5143.10
48   7   2  6304.60
49   7   2  5674.70
51   7   2  5350.50
57   7   2  6723.40
60   7   2  8197.50
61   7   2  5283.70
64   7   2  5908.90
65   7   2  5097.00
 1   8   2  8149.80
 3   8   2  5029.20
 5   8   2  5236.20
24   8   2  6778.80
25   8   2  4762.70
26   8   2  7668.50
31   8   2  6327.60
38   8   2  7287.50
43   8   2  7622.90
52   8   2  5732.70
58   8   2  6035.80
64   8   2  4406.50
66   8   2  5544.40
11   9   2  6684.20
13   9   2  7297.60
15   9   2  5689.30
16   9   2  7192.90
20   9   2  7633.70
26   9   2  5397.00
27   9   2  7726.00
31   9   2  6862.80
37   9   2  7308.20
52   9   2  8242.00
56   9   2  8553.10
57   9   2  7140.80
 7  10   2  8619.00
 9  10   2  8491.50
12  10   2  7305.40
19  10   2  7081.40
20  10   2  7561.80
22  10   2  7145.90
27  10   2  7607.60
37  10   2  7329.40
38  10   2  7928.00
39  10   2  7422.50
51  10   2  5513.90
53  10   2  6726.60
55  10   2  6759.30
57  10   2  8432.20
62  10   2  7441.70
 1   1   3  6250.00
 5   1   3  2654.90
 8   1   3  8108.10
10   1   3  6000.00
14   1   3  6521.70
22   1   3  6521.70
34   1   3  8571.40
38   1   3  7500.00
47   1   3  4761.90
 4   2   3  6521.70
 5   2   3  7142.90
33   2   3  7317.10
35   2   3  8108.10
45   2   3  7317.10
65   2   3  5357.10
 3   3   3  6243.80
13   3   3  5967.40
27   3   3  7584.30
31   3   3  5022.20
33   3   3  8276.50
41   3   3  2389.10
46   3   3  7972.10
62   3   3  3048.10
39   4   3  8604.90
41   4   3  5620.00
52   4   3  6192.60
57   4   3  6178.30
63   4   3  7374.60
 3   5   3  7066.70
 4   5   3  6394.20
 7   5   3  6398.50
 8   5   3  8433.80
10   5   3  5967.90
22   5   3  6177.00
27   5   3  7755.60
30   5   3  6949.70
48   5   3  6292.80
49   5   3  5791.50
50   5   3  6937.10
54   5   3  7554.30
58   5   3  5028.30
63   5   3  8404.40
10   6   3  6672.90
15   6   3  7311.60
32   6   3  6943.40
33   6   3  7377.30
36   6   3  5023.10
38   6   3  7371.00
39   6   3  7385.80
46   6   3  7852.40
47   6   3  6621.40
49   6   3  4262.00
50   6   3  6276.40
 9   7   3  4958.90
14   7   3  5958.80
31   7   3  4807.90
40   7   3  8730.60
41   7   3  7804.60
50   7   3  6055.00
58   7   3  7973.70
62   7   3  6802.70
63   7   3  7522.80
 9   8   3  8053.20
16   8   3  8277.50
29   8   3  8445.60
32   8   3  8561.30
34   8   3  5141.00
42   8   3  6845.50
54   8   3  7151.00
63   8   3  8265.00
 4   9   3  4790.50
 6   9   3  7289.20
19   9   3  5791.60
21   9   3  7349.00
24   9   3  7004.90
25   9   3  8625.40
29   9   3  6077.70
38   9   3  7586.10
51   9   3  5149.40
64   9   3  5758.00
15  10   3  7116.70
28  10   3  7402.30
35  10   3  7391.00
54  10   3  6859.50
 3   1   4  6451.60
12   1   4  5555.60
25   1   4  4705.90
27   1   4  7547.20
31   1   4  6060.60
37   1   4  6153.80
40   1   4  6557.40
45   1   4  8333.30
 9   2   4  5970.10
15   2   4  6666.70
17   2   4  7547.20
27   2   4  7272.70
38   2   4  8510.60
39   2   4  6779.70
48   2   4  6349.20
59   2   4  5633.80
 7   3   4  6906.20
17   3   4  7276.40
18   3   4  7549.70
20   3   4  7716.30
23   3   4  5521.20
29   3   4  6614.00
34   3   4  6599.60
37   3   4  7301.30
47   3   4  6151.30
54   3   4  8424.00
58   3   4  6171.10
66   3   4  7783.50
 3   4   4  7339.40
14   4   4  5763.70
17   4   4  8307.20
23   4   4  7191.70
24   4   4  8519.60
31   4   4  6835.70
33   4   4  6970.70
35   4   4  7173.60
36   4   4  4585.40
49   4   4  6354.30
51   4   4  6423.00
56   4   4  6222.40
25   5   4  7491.80
26   5   4  7312.70
31   5   4  6783.80
36   5   4  8019.50
56   5   4  6067.70
65   5   4  6747.90
 3   6   4  5887.60
51   6   4  7650.00
59   6   4  6592.50
64   6   4  6857.80
 2   7   4  8246.60
 6   7   4  7365.00
13   7   4  8504.30
23   7   4  5939.60
66   7   4  3122.70
11   8   4  7187.20
13   8   4  7197.40
14   8   4  5279.90
18   8   4  8480.10
30   8   4  7585.40
35   8   4  7075.60
40   8   4  6740.60
23   9   4  8566.30
40   9   4  6803.20
41   9   4  7545.80
55   9   4  6039.90
32  10   4  6425.70
50  10   4  5949.90
64  10   4  6961.50
 7   1   5  7575.80
13   1   5  1084.60
52   1   5  5263.20
12   2   5  2840.90
18   2   5  6849.30
22   2   5  8820.70
24   2   5  7352.90
31   2   5  6849.30
53   2   5  4807.70
60   2   5  7692.30
 2   3   5  6370.00
 8   3   5  7536.40
39   3   5  7253.70
55   3   5  7326.70
57   3   5  6233.20
 9   4   5  6290.30
12   4   5  7425.70
13   4   5  8475.70
26   4   5  5496.50
32   4   5  7046.90
34   4   5  8242.00
48   4   5  6941.40
55   4   5  7382.30
61   4   5  1909.70
13   5   5  5682.30
23   5   5  6008.80
 1   6   5  5999.10
16   6   5  6921.10
21   6   5  7005.50
41   6   5  5015.20
56   6   5  7276.20
21   7   5  6911.10
46   7   5  7785.70
17   8   5  6987.00
23   8   5  6790.30
32   9   5  6214.90
42   9   5  6686.00
23  10   5  7099.40
34  10   5  7689.90
48  10   5  4725.80
58  10   5  6389.40
16   1   6  6593.40
18   1   6  8333.30
54   1   6  5555.60
65   1   6  6315.80
 7   2   6  5357.10
41   2   6  6818.30
61   2   6  5405.40
14   3   6  7110.10
15   3   6  2766.40
21   3   6  5624.60
30   3   6  7791.00
32   3   6  5770.40
36   3   6  7560.00
53   3   6  7422.30
56   3   6  8453.20
61   3   6  6988.40
 7   4   6  6615.60
10   4   6  8424.20
15   4   6  7208.70
28   4   6  5609.10
42   4   6  4226.60
54   4   6  6971.60
64   4   6  6199.40
 6   5   6  8202.10
21   5   6  8498.10
18   6   6  7205.20
 5   7   6  5926.60
16   7   6  6641.20
20   7   6  7393.20
21   8   6  8230.30
 9   1   7  5303.00
21   1   7  2089.60
23   1   7  6545.20
24   1   7  3111.10
26   1   7  6930.70
30   1   7  6666.70
53   1   7  5072.50
59   1   7  5642.10
60   1   7  2147.20
66   1   7  6306.30
11   2   7  4375.00
14   2   7  4964.50
23   2   7  6930.70
55   2   7  7446.80
57   2   7  7459.50
 6   3   7  7307.60
22   3   7  5060.90
24   3   7  6451.90
64   3   7  6391.50
24   5   7  6359.20
51   5   7  5992.90
18   9   7  7157.60
15   1   8  3883.50
36   1   8  4761.90
57   1   8  5298.00
62   1   8  7339.40
 1   2   8  7017.50
 3   2   8  8247.40
20   2   8  7843.10
30   2   8  7017.50
26   3   8  6581.60
52   3   8  6480.00
28   1   9  6293.70
55   1   9  7377.00
62   1   9  5084.70
 2   2   9  6383.00
13   2   9  6521.70
26   2   9  5882.40
28   2   9  5769.20
32   2   9  5487.80
62   2   9  7894.70
50   3   9  7097.20
51   3   9  5629.30
50   1  10  2673.80
51   1  10  3389.90
51   2  10  5235.60
52   2  10  5235.60
25   3  10  5110.90
49   3  10  7118.80
29   1  11  5472.60
56   1  11  5555.60
25   2  11  8527.10
 2   1  12  7643.30
 6   1  12  1503.80
49   2  12  7843.10
56   2  12  6451.60
64   2  12  6896.60
58   1  14  7446.80
21   2  14  5714.30
32   1  16  6986.90
 6   2  19  8154.50
64   1  23  4364.30
